Metric (key = "distance") {float {1.0}}
Metric (key = "angle") {float {1.0}}
Metric (key = "time") {float {1.0}}
Metric (key = "up") {string {"z"}}

Node $node1
{
	Name {string {"MD5"}}

	Transform
	{
		float[16]
		{
			{1.0, 0.0, 0.0, 0.0,
			 0.0, 1.0, 0.0, 0.0,
			 0.0, 0.0, 1.0, 0.0,
			 0.0, 0.0, 0.0, 1.0}
		}
	}

	BoneNode $node2
	{
		Name {string {"origin"}}

		Transform
		{
			float[16]
			{
				{5.22992820606305e-07, -0.000342239101883024, 1.0, 0.0,
				 0.0003422392765060067, -0.9999998211860657, 0.0003422392765060067, 0.0,
				 1.0, -0.00034223945112898946, -5.22992820606305e-07, 0.0,
				 0.0, 0.0016430000541731715, -0.0006040000007487833, 1.0}
			}
		}

		BoneNode $node3
		{
			Name {string {"sheath"}}

			Transform
			{
				float[16]
				{
					{-0.5547568202018738, 0.8281721472740173, 0.07985091209411621, 0.0,
					 -0.8197653293609619, -0.5604740381240845, 0.11770129948854446, 0.0,
					 0.142231285572052, -0.00016343592142220587, 0.9898334741592407, 0.0,
					 3.170743227005005, 0.31789493560791016, 1.1003705263137817, 1.0}
				}
			}

			BoneNode $node4
			{
				Name {string {"sword"}}

				Transform
				{
					float[16]
					{
						{0.9999930262565613, 0.00335623137652874, 0.0016154979821294546, 0.0,
						 -0.0033600609749555588, 0.9999915361404419, 0.0024071719963103533, 0.0,
						 -0.0016073962906375527, -0.002412581816315651, 0.9999958276748657, 0.0,
						 0.000387631356716156, -1.1023812294006348, 0.01009006891399622, 1.0}
					}
				}
			}
		}

		BoneNode $node5
		{
			Name {string {"pubis"}}

			Transform
			{
				float[16]
				{
					{-0.12822650372982025, -0.9917449355125427, -0.0003399831766728312, 0.0,
					 0.9917449355125427, -0.12822645902633667, 4.392195478430949e-05, 0.0,
					 -8.715421427041292e-05, -0.00033154463744722307, 0.9999999403953552, 0.0,
					 2.615133285522461, -0.20569661259651184, 0.001477029756642878, 1.0}
				}
			}

			BoneNode $node6
			{
				Name {string {"pelvis"}}

				Transform
				{
					float[16]
					{
						{0.9624505043029785, 0.27145737409591675, 0.0001426959061063826, 0.0,
						 -0.27145737409591675, 0.9624500274658203, 0.0009387718746438622, 0.0,
						 0.00011749894474633038, -0.0009422573493793607, 0.9999995827674866, 0.0,
						 1.3103858691465575e-06, 0.41309332847595215, -2.2925087250769138e-07, 1.0}
					}
				}

				BoneNode $node7
				{
					Name {string {"spine"}}

					Transform
					{
						float[16]
						{
							{0.9892621636390686, -0.14615139365196228, -1.4668710718979128e-05, 0.0,
							 0.14615128934383392, 0.9892616271972656, -0.0010369879892095923, 0.0,
							 0.0001660685084061697, 0.0010237091919407248, 0.9999994039535522, 0.0,
							 1.157502765636309e-06, 0.7976757287979126, -3.897075657732785e-07, 1.0}
						}
					}

					BoneNode $node8
					{
						Name {string {"neck"}}

						Transform
						{
							float[16]
							{
								{0.7524581551551819, 0.6586401462554932, 1.2824668829125585e-06, 0.0,
								 -0.6586400270462036, 0.7524580955505371, -0.00045064545702189207, 0.0,
								 -0.00029777814052067697, 0.0003382472787052393, 0.9999999403953552, 0.0,
								 2.1783719148515956e-06, 1.3487600088119507, 1.5265833042121812e-09, 1.0}
							}
						}

						BoneNode $node9
						{
							Name {string {"head"}}

							Transform
							{
								float[16]
								{
									{0.6740408539772034, 0.7386940121650696, 0.0003526550135575235, 0.0,
									 -0.7386939525604248, 0.6740410327911377, -0.0003298530064057559, 0.0,
									 -0.00048136431723833084, -3.816971729975194e-05, 0.9999998807907104, 0.0,
									 3.461484823219507e-07, 0.49422886967658997, 8.968854672275484e-07, 1.0}
								}
							}
						}
					}

					BoneNode $node10
					{
						Name {string {"upperarm.L"}}

						Transform
						{
							float[16]
							{
								{0.9996350407600403, 8.038198757276405e-06, -0.027016207575798035, 0.0,
								 -0.027016207575798035, -1.621222691028379e-05, -0.9996349811553955, 0.0,
								 -8.473904017591849e-06, 1.0, -1.5838886611163616e-05, 0.0,
								 0.30227765440940857, 1.0466233491897583, -0.8020713329315186, 1.0}
							}
						}

						BoneNode $node11
						{
							Name {string {"forearm.L"}}

							Transform
							{
								float[16]
								{
									{0.9962130188941956, 0.08694681525230408, 1.5073908343765652e-06, 0.0,
									 -0.08694681525230408, 0.9962130188941956, -5.947239696979523e-05, 0.0,
									 -6.672551535302773e-06, 5.911612242925912e-05, 1.0, 0.0,
									 -9.649781986809103e-07, 1.2911114692687988, 1.3541830412577838e-06, 1.0}
								}
							}

							BoneNode $node12
							{
								Name {string {"wrist.L"}}

								Transform
								{
									float[16]
									{
										{0.9924222826957703, -0.12287383526563644, 0.0002395613701082766, 0.0,
										 0.12283465266227722, 0.9920526146888733, -0.027261288836598396, 0.0,
										 0.003112041624262929, 0.027084140107035637, 0.9996283650398254, 0.0,
										 -0.0031268552411347628, 1.11944580078125, 0.001036080182529986, 1.0}
									}
								}

								BoneNode $node13
								{
									Name {string {"thumb.L"}}

									Transform
									{
										float[16]
										{
											{0.7675450444221497, 0.5969297885894775, -0.2335585206747055, 0.0,
											 -0.6409858465194702, 0.7128045558929443, -0.2846875488758087, 0.0,
											 -0.0034569057170301676, 0.36821824312210083, 0.9297329783439636, 0.0,
											 0.005460433196276426, 0.0018408035393804312, -0.0015107503859326243, 1.0}
										}
									}

									BoneNode $node14
									{
										Name {string {"thm_end.L"}}

										Transform
										{
											float[16]
											{
												{0.9289098381996155, -0.3703059256076813, -3.530574031174183e-05, 0.0,
												 0.3703058958053589, 0.9289097785949707, 0.000123898294987157, 0.0,
												 -1.3108290659147315e-05, -0.0001281746954191476, 1.0, 0.0,
												 5.494803190231323e-07, 0.3970288932323456, 5.833117029396817e-07, 1.0}
											}
										}
									}
								}

								BoneNode $node15
								{
									Name {string {"fingers.L"}}

									Transform
									{
										float[16]
										{
											{0.9994750022888184, 0.031300660222768784, 0.008364791981875896, 0.0,
											 -0.028896499425172806, 0.9779632091522217, -0.2067677229642868, 0.0,
											 -0.014652424491941929, 0.20641745626926422, 0.978354275226593, 0.0,
											 2.7299392968416214e-07, 0.5348599553108215, -4.124740371480584e-07, 1.0}
										}
									}

									BoneNode $node16
									{
										Name {string {"fingerstip.L"}}

										Transform
										{
											float[16]
											{
												{0.9997186660766602, -0.019983384758234024, -0.012770573608577251, 0.0,
												 0.022411765530705452, 0.9721673727035522, 0.2332131713628769, 0.0,
												 0.007754745427519083, -0.2334337830543518, 0.972341775894165, 0.0,
												 -7.040798664093018e-07, 0.24385914206504822, 3.7974677979946136e-07, 1.0}
											}
										}
									}

									BoneNode $node17
									{
										Name {string {"lamp"}}

										Transform
										{
											float[16]
											{
												{-0.9997187852859497, 0.019982676953077316, 0.012770531699061394, 0.0,
												 -0.007754886522889137, 0.2334330976009369, -0.9723419547080994, 0.0,
												 -0.022411059588193893, -0.9721675515174866, -0.23321248590946198, 0.0,
												 -0.8987361192703247, 0.2998008131980896, -0.14027634263038635, 1.0}
											}
										}
									}
								}
							}
						}
					}

					BoneNode $node18
					{
						Name {string {"upperarm.R"}}

						Transform
						{
							float[16]
							{
								{0.9993956089019775, 1.1188262760697398e-05, 0.03476276993751526, 0.0,
								 -0.03476276993751526, -2.231646612926852e-05, 0.9993956089019775, 0.0,
								 1.1956561138504185e-05, -1.0, -2.1823101633344777e-05, 0.0,
								 0.31390461325645447, 1.0466300249099731, 0.7908651232719421, 1.0}
							}
						}

						BoneNode $node19
						{
							Name {string {"forearm.R"}}

							Transform
							{
								float[16]
								{
									{0.9965596795082092, 0.08287803828716278, -1.9143055851600366e-06, 0.0,
									 -0.08287803083658218, 0.9965597987174988, 5.496811354532838e-05, 0.0,
									 6.463415502366843e-06, -5.4620355513179675e-05, 1.0, 0.0,
									 8.881306712282822e-07, 1.337896466255188, -2.773325832094997e-06, 1.0}
								}
							}

							BoneNode $node20
							{
								Name {string {"wrist.R"}}

								Transform
								{
									float[16]
									{
										{0.9930763840675354, -0.11747010797262192, 3.2347852538805455e-05, 0.0,
										 0.1173112690448761, 0.9917479157447815, 0.0517142079770565, 0.0,
										 -0.00610695406794548, -0.051352359354496, 0.9986618757247925, 0.0,
										 0.002822160255163908, 1.0990508794784546, 0.0020871583838015795, 1.0}
									}
								}

								BoneNode $node21
								{
									Name {string {"thumb.R"}}

									Transform
									{
										float[16]
										{
											{0.7595746517181396, 0.6027047038078308, 0.24452650547027588, 0.0,
											 -0.6504200100898743, 0.7035988569259644, 0.28618648648262024, 0.0,
											 0.00043736398220062256, -0.3764249384403229, 0.9264469742774963, 0.0,
											 7.647799975529779e-07, -0.012516263872385025, -0.006654572673141956, 1.0}
										}
									}

									BoneNode $node22
									{
										Name {string {"thm_end.R"}}

										Transform
										{
											float[16]
											{
												{0.8961271047592163, -0.44379743933677673, 0.0003041936142835766, 0.0,
												 0.44379740953445435, 0.8961269855499268, -0.00030434434302151203, 0.0,
												 -0.00013753997336607426, 0.0004077552875969559, 0.9999998211860657, 0.0,
												 -5.019828677177429e-07, 0.42234277725219727, -4.462753167899791e-06, 1.0}
											}
										}
									}
								}

								BoneNode $node23
								{
									Name {string {"fingers.R"}}

									Transform
									{
										float[16]
										{
											{1.0, 8.981369319371879e-07, -2.253664206364192e-05, 0.0,
											 1.0202923022006871e-06, 0.9963827133178711, 0.08497906476259232, 0.0,
											 2.253146521979943e-05, -0.08497907966375351, 0.9963827729225159, 0.0,
											 9.489824606134789e-07, 0.5160581469535828, 1.2311938917264342e-05, 1.0}
										}
									}

									BoneNode $node24
									{
										Name {string {"fingerstip.R"}}

										Transform
										{
											float[16]
											{
												{1.0, -2.2609092411585152e-06, 1.2561504263430834e-06, 0.0,
												 2.4111975562846055e-06, 0.9906441569328308, -0.13646988570690155, 0.0,
												 -9.358143984172784e-07, 0.13646988570690155, 0.9906442165374756, 0.0,
												 -3.031736923730932e-07, 0.24938733875751495, -1.5557161532342434e-06, 1.0}
											}
										}
									}
								}
							}
						}
					}
				}
			}

			BoneNode $node25
			{
				Name {string {"thigh.R"}}

				Transform
				{
					float[16]
					{
						{-0.9993509650230408, -0.0391840934753418, 2.923862666648347e-06, 0.0,
						 0.039184100925922394, -0.9992321133613586, 2.903761742345523e-05, 0.0,
						 1.6075789517344674e-06, 2.912642594310455e-05, 1.0, 0.0,
						 -0.12695610523223877, 0.39520618319511414, 0.5240336060523987, 1.0}
					}
				}

				BoneNode $node26
				{
					Name {string {"shin.R"}}

					Transform
					{
						float[16]
						{
							{0.9824029803276062, 0.18677377700805664, 1.1038564480259083e-05, 0.0,
							 -0.18677377700805664, 0.982403039932251, 0.00012731565220747143, 0.0,
							 1.2934797268826514e-05, -0.00012713704199995846, 0.9999999403953552, 0.0,
							 4.5716927843386657e-07, 1.3075145483016968, -3.654176907730289e-07, 1.0}
						}
					}

					BoneNode $node27
					{
						Name {string {"ankle.R"}}

						Transform
						{
							float[16]
							{
								{0.45509934425354004, -0.8904407620429993, 6.27019617240876e-05, 0.0,
								 0.8904407024383545, 0.4550992548465729, -0.0006074122502468526, 0.0,
								 0.0005123289884068072, 0.0003322651900816709, 0.9999998807907104, 0.0,
								 -0.003540102858096361, 1.4147818088531494, 1.7964503058465198e-06, 1.0}
							}
						}

						BoneNode $node28
						{
							Name {string {"toe.R"}}

							Transform
							{
								float[16]
								{
									{0.8689505457878113, -0.49489861726760864, -0.00028849285445176065, 0.0,
									 0.4948984980583191, 0.8689506649971008, -0.00021522759925574064, 0.0,
									 0.000357201904989779, 4.424741928232834e-05, 1.0, 0.0,
									 4.720109814115858e-07, 0.40982961654663086, 3.92028596252203e-08, 1.0}
								}
							}

							BoneNode $node29
							{
								Name {string {"tiptoe.R"}}

								Transform
								{
									float[16]
									{
										{0.9986006021499634, -0.05288539454340935, -3.4857086575357243e-05, 0.0,
										 0.05288538709282875, 0.9986006021499634, 4.0956852899398655e-05, 0.0,
										 3.2642281439621e-05, -4.274294769857079e-05, 1.0, 0.0,
										 -1.2061098459525965e-05, 0.34250307083129883, 1.1745233678084332e-05, 1.0}
									}
								}
							}
						}
					}
				}
			}

			BoneNode $node30
			{
				Name {string {"thigh.L"}}

				Transform
				{
					float[16]
					{
						{-0.99934983253479, -0.0391840785741806, 2.9220709620858543e-06, 0.0,
						 0.0391840860247612, -0.9992321133613586, 2.9037613785476424e-05, 0.0,
						 1.6075789517344674e-06, 2.9126387744327076e-05, 1.0, 0.0,
						 -0.12695439159870148, 0.3951137959957123, -0.5224156379699707, 1.0}
					}
				}

				BoneNode $node31
				{
					Name {string {"shin.L"}}

					Transform
					{
						float[16]
						{
							{0.9824013710021973, 0.18678146600723267, 1.0649375326465815e-05, 0.0,
							 -0.18678148090839386, 0.9824015498161316, 0.00012697777128778398, 0.0,
							 1.3255054000183009e-05, -0.00012673223682213575, 0.9999999403953552, 0.0,
							 1.316689008490357e-06, 1.3075165748596191, -3.651020961115137e-07, 1.0}
						}
					}

					BoneNode $node32
					{
						Name {string {"ankle.L"}}

						Transform
						{
							float[16]
							{
								{0.45510968565940857, -0.8904353380203247, 6.257834320422262e-05, 0.0,
								 0.8904353976249695, 0.4551096260547638, -0.0006074318662285805, 0.0,
								 0.0005123987793922424, 0.0003321700787637383, 0.9999998807907104, 0.0,
								 -0.0035382574424147606, 1.4147834777832031, 0.001255352864973247, 1.0}
							}
						}

						BoneNode $node33
						{
							Name {string {"toe.L"}}

							Transform
							{
								float[16]
								{
									{0.8689936399459839, -0.49482297897338867, -0.00028587254928424954, 0.0,
									 0.49482297897338867, 0.8689938187599182, -0.00013910049165133387, 0.0,
									 0.0003172515716869384, -2.0578771000145935e-05, 0.9999998807907104, 0.0,
									 -3.254854163969867e-09, 0.40982767939567566, 2.1881714928895235e-07, 1.0}
								}
							}

							BoneNode $node34
							{
								Name {string {"tiptoe.L"}}

								Transform
								{
									float[16]
									{
										{0.9985953569412231, -0.05298488587141037, -3.3745334803825244e-05, 0.0,
										 0.05298488587141037, 0.9985952973365784, -4.183250348432921e-05, 0.0,
										 3.591441782191396e-05, 3.9985676266951486e-05, 0.9999999403953552, 0.0,
										 1.2871141734649427e-05, 0.3425031006336212, -1.5144965800573118e-05, 1.0}
									}
								}
							}
						}
					}
				}
			}
		}
	}
}

GeometryNode $node35
{
	Name {string {"md5mesh.005"}}
	ObjectRef {ref {$geometry1}}
	MaterialRef (index = 0) {ref {$material1}}

	Transform
	{
		float[16]
		{
			{1.0, 0.0, 0.0, 0.0,
			 0.0, 1.0, 0.0, 0.0,
			 0.0, 0.0, 1.0, 0.0,
			 0.0, 0.0, 0.0, 1.0}
		}
	}
}

GeometryNode $node36
{
	Name {string {"md5mesh.004"}}
	ObjectRef {ref {$geometry2}}
	MaterialRef (index = 0) {ref {$material2}}

	Transform
	{
		float[16]
		{
			{1.0, 0.0, 0.0, 0.0,
			 0.0, 1.0, 0.0, 0.0,
			 0.0, 0.0, 1.0, 0.0,
			 0.0, 0.0, 0.0, 1.0}
		}
	}
}

GeometryNode $node37
{
	Name {string {"md5mesh.003"}}
	ObjectRef {ref {$geometry3}}
	MaterialRef (index = 0) {ref {$material3}}

	Transform
	{
		float[16]
		{
			{1.0, 0.0, 0.0, 0.0,
			 0.0, 1.0, 0.0, 0.0,
			 0.0, 0.0, 1.0, 0.0,
			 0.0, 0.0, 0.0, 1.0}
		}
	}
}

GeometryNode $node38
{
	Name {string {"md5mesh.002"}}
	ObjectRef {ref {$geometry4}}
	MaterialRef (index = 0) {ref {$material4}}

	Transform
	{
		float[16]
		{
			{1.0, 0.0, 0.0, 0.0,
			 0.0, 1.0, 0.0, 0.0,
			 0.0, 0.0, 1.0, 0.0,
			 0.0, 0.0, 0.0, 1.0}
		}
	}
}

GeometryNode $node39
{
	Name {string {"md5mesh.001"}}
	ObjectRef {ref {$geometry5}}
	MaterialRef (index = 0) {ref {$material5}}

	Transform
	{
		float[16]
		{
			{1.0, 0.0, 0.0, 0.0,
			 0.0, 1.0, 0.0, 0.0,
			 0.0, 0.0, 1.0, 0.0,
			 0.0, 0.0, 0.0, 1.0}
		}
	}
}

GeometryNode $node40
{
	Name {string {"md5mesh"}}
	ObjectRef {ref {$geometry6}}
	MaterialRef (index = 0) {ref {$material1}}

	Transform
	{
		float[16]
		{
			{1.0, 0.0, 0.0, 0.0,
			 0.0, 1.0, 0.0, 0.0,
			 0.0, 0.0, 1.0, 0.0,
			 0.0, 0.0, 0.0, 1.0}
		}
	}
}

GeometryNode $node41
{
	Name {string {"Cube"}}
	ObjectRef {ref {$geometry7}}
	MaterialRef (index = 0) {ref {$material6}}

	Transform
	{
		float[16]
		{
			{1.0, 0.0, 0.0, 0.0,
			 0.0, 1.0, 0.0, 0.0,
			 0.0, 0.0, 1.0, 0.0,
			 0.0, 0.0, 0.0, 1.0}
		}
	}
}

LightNode $node42
{
	Name {string {"Lamp"}}
	ObjectRef {ref {$light1}}

	Transform
	{
		float[16]
		{
			{-0.29086464643478394, 0.9551711678504944, -0.05518905818462372, 0.0,
			 -0.7711008191108704, -0.1998833566904068, 0.6045247316360474, 0.0,
			 0.5663931965827942, 0.21839119493961334, 0.7946722507476807, 0.0,
			 4.076245307922363, 1.0054539442062378, 5.903861999511719, 1.0}
		}
	}
}

CameraNode $node43
{
	Name {string {"Camera"}}
	ObjectRef {ref {$camera1}}

	Transform
	{
		float[16]
		{
			{0.6859206557273865, 0.7276763319969177, 0.0, 0.0,
			 -0.32401347160339355, 0.305420845746994, 0.8953956365585327, 0.0,
			 0.6515582203865051, -0.6141703724861145, 0.44527140259742737, 0.0,
			 7.481131553649902, -6.5076398849487305, 5.34366512298584, 1.0}
		}
	}
}

GeometryObject $geometry2		// md5mesh.004
{
	Mesh (primitive = "triangles")
	{
		VertexArray (attrib = "position")
		{
			float[3]		// 66
			{
				{-3.8083994388580322, -0.3301216959953308, 4.232934474945068}, {-3.8572733402252197, -0.3119567930698395, 4.702803611755371}, {-3.9960854053497314, -0.25237905979156494, 4.232934951782227}, {-4.183773517608643, -0.7054944634437561, 4.232934474945068}, {-4.139881610870361, -0.7212373614311218, 4.702803134918213}, {-3.996086359024048, -0.7832370400428772, 4.232934951782227}, {-3.9960851669311523, -0.7832370400428772, 3.3939921855926514}, {-3.996084690093994, -0.5178080797195435, 3.3939921855926514},
				{-4.183772087097168, -0.7054944634437561, 3.393991470336914}, {-3.9954423904418945, -0.8141730427742004, 4.231741905212402}, {-3.9966557025909424, -0.5177780389785767, 4.364272117614746}, {-3.787257432937622, -0.7265826463699341, 4.231742858886719}, {-3.9966557025909424, -0.5177780389785767, 4.364272117614746}, {-3.9954423904418945, -0.8141730427742004, 4.231741905212402}, {-4.205233573913574, -0.7268974781036377, 4.2317423820495605}, {-3.9966557025909424, -0.5177780389785767, 4.364272117614746},
				{-4.205233573913574, -0.7268974781036377, 4.2317423820495605}, {-4.288112163543701, -0.517790675163269, 4.231741905212402}, {-3.9966557025909424, -0.5177780389785767, 4.364272117614746}, {-4.288112163543701, -0.517790675163269, 4.231741905212402}, {-4.20380163192749, -0.3098434805870056, 4.2317423820495605}, {-3.9966557025909424, -0.5177780389785767, 4.364272117614746}, {-4.20380163192749, -0.3098434805870056, 4.2317423820495605}, {-3.99692964553833, -0.22780807316303253, 4.231741905212402},
				{-3.9966557025909424, -0.5177780389785767, 4.364272117614746}, {-3.99692964553833, -0.22780807316303253, 4.231741905212402}, {-3.791987419128418, -0.3129836618900299, 4.231742858886719}, {-3.9966557025909424, -0.5177780389785767, 4.364272117614746}, {-3.791987419128418, -0.3129836618900299, 4.231742858886719}, {-3.7047500610351562, -0.5176184773445129, 4.2317423820495605}, {-3.9966557025909424, -0.5177780389785767, 4.364272117614746}, {-3.7047500610351562, -0.5176184773445129, 4.2317423820495605},
				{-3.787257432937622, -0.7265826463699341, 4.231742858886719}, {-4.261514663696289, -0.5178076028823853, 3.393991470336914}, {-3.996084690093994, -0.5178080797195435, 3.3939921855926514}, {-4.183772087097168, -0.3301214277744293, 3.393991470336914}, {-3.9960851669311523, -0.25237905979156494, 3.3939921855926514}, {-3.996084690093994, -0.5178080797195435, 3.3939921855926514}, {-3.8083980083465576, -0.3301216959953308, 3.393991708755493}, {-3.7306556701660156, -0.5178084969520569, 3.3939924240112305},
				{-3.996084690093994, -0.5178080797195435, 3.3939921855926514}, {-3.808399200439453, -0.7054947018623352, 3.393991708755493}, {-4.036142349243164, -0.7674941420555115, 4.702803134918213}, {-3.8572733402252197, -0.3119567930698395, 4.702803611755371}, {-4.139881610870361, -0.7212373614311218, 4.702803134918213}, {-3.9960854053497314, -0.25237905979156494, 4.232934951782227}, {-3.8572733402252197, -0.3119567930698395, 4.702803611755371}, {-3.9594125747680664, -0.26812198758125305, 4.701058864593506},
				{-3.996086359024048, -0.7832370400428772, 4.232934951782227}, {-4.139881610870361, -0.7212373614311218, 4.702803134918213}, {-4.036142349243164, -0.7674941420555115, 4.702803134918213}, {-3.808399200439453, -0.7054947018623352, 3.393991708755493}, {-3.996084690093994, -0.5178080797195435, 3.3939921855926514}, {-3.9960851669311523, -0.7832370400428772, 3.3939921855926514}, {-4.183772087097168, -0.7054944634437561, 3.393991470336914}, {-3.996084690093994, -0.5178080797195435, 3.3939921855926514},
				{-4.261514663696289, -0.5178076028823853, 3.393991470336914}, {-4.183772087097168, -0.3301214277744293, 3.393991470336914}, {-3.996084690093994, -0.5178080797195435, 3.3939921855926514}, {-3.9960851669311523, -0.25237905979156494, 3.3939921855926514}, {-3.8083980083465576, -0.3301216959953308, 3.393991708755493}, {-3.996084690093994, -0.5178080797195435, 3.3939921855926514}, {-3.7306556701660156, -0.5178084969520569, 3.3939924240112305}, {-4.139881610870361, -0.7212373614311218, 4.702803134918213},
				{-3.8572733402252197, -0.3119567930698395, 4.702803611755371}, {-3.9594125747680664, -0.26812198758125305, 4.701058864593506}
			}
		}

		VertexArray (attrib = "normal")
		{
			float[3]		// 66
			{
				{-0.38268259167671204, -0.9238708019256592, -0.00408873101696372}, {-0.38268259167671204, -0.9238708019256592, -0.00408873101696372}, {-0.38268259167671204, -0.9238708019256592, -0.00408873101696372}, {0.3826791048049927, 0.9238689541816711, -0.004793129395693541}, {0.3826791048049927, 0.9238689541816711, -0.004793129395693541}, {0.3826791048049927, 0.9238689541816711, -0.004793129395693541}, {-3.8108953503979137e-06, 6.846187679265814e-12, 1.0}, {-3.8108953503979137e-06, 6.846187679265814e-12, 1.0},
				{-3.8108953503979137e-06, 6.846187679265814e-12, 1.0}, {-0.16902264952659607, 0.40174296498298645, -0.9000188708305359}, {-0.16902264952659607, 0.40174296498298645, -0.9000188708305359}, {-0.16902264952659607, 0.40174296498298645, -0.9000188708305359}, {0.1676454246044159, 0.402987539768219, -0.8997200131416321}, {0.1676454246044159, 0.402987539768219, -0.8997200131416321}, {0.1676454246044159, 0.402987539768219, -0.8997200131416321}, {0.4084661602973938, 0.16189177334308624, -0.8983019590377808},
				{0.4084661602973938, 0.16189177334308624, -0.8983019590377808}, {0.4084661602973938, 0.16189177334308624, -0.8983019590377808}, {0.4082293212413788, -0.16551126539707184, -0.8977499008178711}, {0.4082293212413788, -0.16551126539707184, -0.8977499008178711}, {0.4082293212413788, -0.16551126539707184, -0.8977499008178711}, {0.16259585320949554, -0.41002970933914185, -0.8974621295928955}, {0.16259585320949554, -0.41002970933914185, -0.8974621295928955}, {0.16259585320949554, -0.41002970933914185, -0.8974621295928955},
				{-0.17029108107089996, -0.4097498953342438, -0.8961618542671204}, {-0.17029108107089996, -0.4097498953342438, -0.8961618542671204}, {-0.17029108107089996, -0.4097498953342438, -0.8961618542671204}, {-0.4070527255535126, -0.1735275536775589, -0.8967699408531189}, {-0.4070527255535126, -0.1735275536775589, -0.8967699408531189}, {-0.4070527255535126, -0.1735275536775589, -0.8967699408531189}, {-0.40807482600212097, 0.161122128367424, -0.898618221282959}, {-0.40807482600212097, 0.161122128367424, -0.898618221282959},
				{-0.40807482600212097, 0.161122128367424, -0.898618221282959}, {-2.69470388047921e-06, 1.1161889688082738e-06, 1.0}, {-2.69470388047921e-06, 1.1161889688082738e-06, 1.0}, {-2.69470388047921e-06, 1.1161889688082738e-06, 1.0}, {2.540597506595077e-06, 4.5641251195105426e-12, 1.0}, {2.540597506595077e-06, 4.5641251195105426e-12, 1.0}, {2.540597506595077e-06, 4.5641251195105426e-12, 1.0}, {-8.982439680949028e-07, -3.4388413041597232e-06, 1.0},
				{-8.982439680949028e-07, -3.4388413041597232e-06, 1.0}, {-8.982439680949028e-07, -3.4388413041597232e-06, 1.0}, {-3.972005799823819e-07, -8.907946380531939e-07, 1.0}, {-3.972005799823819e-07, -8.907946380531939e-07, 1.0}, {-3.972005799823819e-07, -8.907946380531939e-07, 1.0}, {-0.3943816125392914, -0.9189467430114746, -8.164075552485883e-06}, {-0.3943816125392914, -0.9189467430114746, -8.164075552485883e-06}, {-0.3943816125392914, -0.9189467430114746, -8.164075552485883e-06},
				{0.40724077820777893, 0.9133116602897644, 0.004116602707654238}, {0.40724077820777893, 0.9133116602897644, 0.004116602707654238}, {0.40724077820777893, 0.9133116602897644, 0.004116602707654238}, {2.540613422752358e-06, -4.564155043490503e-12, 0.9999999403953552}, {2.540613422752358e-06, -4.564155043490503e-12, 0.9999999403953552}, {2.540613422752358e-06, -4.564155043490503e-12, 0.9999999403953552}, {-2.694707973205368e-06, -1.116186467697844e-06, 1.0}, {-2.694707973205368e-06, -1.116186467697844e-06, 1.0},
				{-2.694707973205368e-06, -1.116186467697844e-06, 1.0}, {-3.8108953503979137e-06, -6.846186378223207e-12, 1.0}, {-3.8108953503979137e-06, -6.846186378223207e-12, 1.0}, {-3.8108953503979137e-06, -6.846186378223207e-12, 1.0}, {-8.982331678453193e-07, 3.438840622038697e-06, 1.0}, {-8.982331678453193e-07, 3.438840622038697e-06, 1.0}, {-8.982331678453193e-07, 3.438840622038697e-06, 1.0}, {-0.013175832107663155, 0.009096748195588589, 0.9998717904090881},
				{-0.013175832107663155, 0.009096748195588589, 0.9998717904090881}, {-0.013175832107663155, 0.009096748195588589, 0.9998717904090881}
			}
		}

		VertexArray (attrib = "texcoord")
		{
			float[2]		// 66
			{
				{0.4335939884185791, 0.9628909826278687}, {0.5742189884185791, 0.9628909826278687}, {0.5390620231628418, 0.7619630098342896}, {0.4335939884185791, 0.9628909826278687}, {0.4609380066394806, 0.7619630098342896}, {0.5742189884185791, 0.9628909826278687}, {0.5019530057907104, 0.3701170086860657}, {0.5019530057907104, 0.4990229904651642},
				{0.41210898756980896, 0.4091799855232239}, {0.5039060115814209, 0.2304690033197403}, {0.5039060115814209, 0.5}, {0.6015620231628418, 0.25}, {0.5039060115814209, 0.5}, {0.4023439884185791, 0.2460940033197403}, {0.3085939884185791, 0.3007810115814209}, {0.5039060115814209, 0.5},
				{0.2539060115814209, 0.3945310115814209}, {0.234375, 0.5}, {0.5039060115814209, 0.5}, {0.2539060115814209, 0.6015620231628418}, {0.3125, 0.6875}, {0.5039060115814209, 0.5}, {0.3984380066394806, 0.7460939884185791}, {0.5039060115814209, 0.765625},
				{0.5039060115814209, 0.5}, {0.6054689884185791, 0.7460939884185791}, {0.6914060115814209, 0.6875}, {0.5039060115814209, 0.5}, {0.75, 0.5976560115814209}, {0.7695310115814209, 0.5}, {0.5039060115814209, 0.5}, {0.7539060115814209, 0.3984380066394806},
				{0.6953120231628418, 0.3046880066394806}, {0.37304699420928955, 0.4990229904651642}, {0.5019530057907104, 0.4990229904651642}, {0.41210898756980896, 0.5849609971046448}, {0.5019530057907104, 0.6240230202674866}, {0.5019530057907104, 0.4990229904651642}, {0.5878909826278687, 0.5849609971046448}, {0.6269530057907104, 0.4990229904651642},
				{0.5019530057907104, 0.4990229904651642}, {0.5878909826278687, 0.4091799855232239}, {0.4609380066394806, 0.7619630098342896}, {0.5390620231628418, 0.7619630098342896}, {0.5390620231628418, 0.8632810115814209}, {0.4609380066394806, 0.7619630098342896}, {0.4335939884185791, 0.9628909826278687}, {0.5390620231628418, 0.7619630098342896},
				{0.5742189884185791, 0.9628909826278687}, {0.4609380066394806, 0.7619630098342896}, {0.5390620231628418, 0.7619630098342896}, {0.5878909826278687, 0.4091799855232239}, {0.5019530057907104, 0.4990229904651642}, {0.5019530057907104, 0.3701170086860657}, {0.41210898756980896, 0.4091799855232239}, {0.5019530057907104, 0.4990229904651642},
				{0.37304699420928955, 0.4990229904651642}, {0.41210898756980896, 0.5849609971046448}, {0.5019530057907104, 0.4990229904651642}, {0.5019530057907104, 0.6240230202674866}, {0.5878909826278687, 0.5849609971046448}, {0.5019530057907104, 0.4990229904651642}, {0.6269530057907104, 0.4990229904651642}, {0.4609380066394806, 0.8632810115814209},
				{0.4609380066394806, 0.7619630098342896}, {0.5390620231628418, 0.8632810115814209}
			}
		}

		IndexArray
		{
			unsigned_int32[3]		// 22
			{
				{0, 1, 2}, {3, 4, 5}, {6, 7, 8}, {9, 10, 11}, {12, 13, 14}, {15, 16, 17}, {18, 19, 20}, {21, 22, 23}, {24, 25, 26}, {27, 28, 29}, {30, 31, 32}, {33, 34, 35}, {36, 37, 38}, {39, 40, 41}, {42, 43, 44}, {45, 46, 47},
				{48, 49, 50}, {51, 52, 53}, {54, 55, 56}, {57, 58, 59}, {60, 61, 62}, {63, 64, 65}
			}
		}

		Skin
		{
			Transform
			{
				float[16]
				{
					{1.0, 0.0, 0.0, 0.0,
					 0.0, 1.0, 0.0, 0.0,
					 0.0, 0.0, 1.0, 0.0,
					 0.0, 0.0, 0.0, 1.0}
				}
			}

			Skeleton
			{
				BoneRefArray
				{
					ref			// 33
					{
						$node2, $node3, $node4, $node5, $node6, $node7, $node8, $node9, $node10, $node11, $node12, $node13, $node14, $node15, $node16, $node17, $node18, $node19, $node20, $node21, $node22, $node23, $node24, $node25, $node26, $node27, $node28, $node29, $node30, $node31, $node32, $node33, $node34
					}
				}

				Transform
				{
					float[16]	// 33
					{
						{5.22992820606305e-07, -0.000342239101883024, 1.0, 0.0, 0.0003422392765060067, -0.9999998211860657, 0.0003422392765060067, 0.0, 1.0, -0.00034223945112898946, -5.22992820606305e-07, 0.0, 0.0, 0.0016430000541731715, -0.0006040000007487833, 1.0},
						{0.08013405650854111, -0.8280093669891357, -0.5544734597206116, 0.0, 0.11750905215740204, 0.5607141852378845, -0.8199571967124939, 0.0, 0.9898334741592407, -0.00022400126908905804, 0.14223071932792664, 0.0, 1.1004810333251953, -0.3177136182785034, 3.1702473163604736, 1.0},
						{0.08212696015834808, -0.8261220455169678, -0.5569917559623718, 0.0, 0.11962148547172546, 0.5634909868240356, -0.8177447319030762, 0.0, 0.9894170165061951, -0.00024582305923104286, 0.14509959518909454, 0.0, 0.9809600114822388, -0.9361574053764343, 4.075372695922852, 1.0},
						{-0.0006794643122702837, 0.9917886853218079, -0.1285659223794937, 0.0, 5.565052560996264e-07, 0.12788699567317963, 0.991701066493988, 0.0, 0.9999998211860657, -1.0665011359378695e-05, -8.779067866271362e-05, 0.0, 0.001408000010997057, 0.20644405484199524, 2.6144590377807617, 1.0},
						{-0.0005111038335599005, 0.9892633557319641, 0.14546622335910797, 0.0, 0.001123752910643816, -0.14614351093769073, 0.9893627762794495, 0.0, 0.9999992847442627, -1.4633342289016582e-05, -0.0010373345576226711, 0.0, 0.0014079996617510915, 0.25927460193634033, 3.0241241455078125, 1.0},
						{-0.0006845224997960031, 0.9999999403953552, -0.0006925162742845714, 0.0, -1.1641532182693481e-10, 7.97239499661373e-06, 0.9999998211860657, 0.0, 0.9999998211860657, 4.369849193608388e-08, -3.568129613995552e-07, 0.0, 0.0023040000814944506, 0.14270055294036865, 3.813314914703369, 1.0},
						{-0.0005137920961715281, 0.7524632811546326, 0.6581189036369324, 0.0, 2.0844163373112679e-07, -0.6586339473724365, 0.7529140114784241, 0.0, 0.9999998807907104, -0.0002977317199110985, 0.00033809657907113433, 0.0, 0.0023039996158331633, 0.14271347224712372, 5.162074089050293, 1.0},
						{6.492133252322674e-06, 0.02066187560558319, 0.9997721910476685, 0.0, 4.982264363206923e-05, -0.9997862577438354, 0.021346308290958405, 0.0, 1.0, -0.0006348007591441274, -7.436960004270077e-06, 0.0, 0.0023049996234476566, -0.18280254304409027, 5.534186363220215, 1.0},
						{-0.027700472623109818, 0.9996349215507507, -0.0006842156290076673, 0.0, -0.999616265296936, -0.02701624669134617, 2.853618525477941e-06, 0.0, -1.5833198631298728e-05, -5.015097030991456e-07, 0.9999997615814209, 0.0, -0.7999740839004517, 0.4449864625930786, 4.859728813171387, 1.0},
						{-0.11450901627540588, 0.993500292301178, -0.0006798689719289541, 0.0, -0.9934222102165222, -0.11382900178432465, 2.8607937565539032e-06, 0.0, -7.474180165445432e-05, -8.76872036315035e-06, 0.9999997615814209, 0.0, -2.090590000152588, 0.4101044833660126, 4.859734058380127, 1.0},
						{0.008424286730587482, 0.9999583959579468, -0.0004355072742328048, 0.0, -0.9995906949043274, 0.00911215040832758, -0.02734195627272129, 0.0, -0.027337055653333664, 8.838924259180203e-08, 0.999626100063324, 0.0, -3.202314615249634, 0.2795725464820862, 4.860774993896484, 1.0},
						{-0.5838346481323242, 0.7729523777961731, -0.2501266896724701, 0.0, -0.7101300954818726, -0.6344639658927917, -0.30379143357276917, 0.0, -0.3935127854347229, -0.0001014196386677213, 0.9193190336227417, 0.0, -3.2040677070617676, 0.28504952788352966, 4.859212398529053, 1.0},
						{-0.27935048937797546, 0.952948808670044, -0.11988184601068497, 0.0, -0.8758929967880249, -0.30313098430633545, -0.3747043311595917, 0.0, -0.39341413974761963, -3.0225171940401196e-05, 0.9193612337112427, 0.0, -3.4860105514526367, 0.03314957022666931, 4.738598823547363, 1.0},
						{-0.023096654564142227, 0.9997186064720154, 0.007070564664900303, 0.0, -0.972153902053833, -0.019983965903520584, -0.23341724276542664, 0.0, -0.23320172727108002, -0.0127708213403821, 0.9723510146141052, 0.0, -3.7369558811187744, 0.2844465374946594, 4.8461503982543945, 1.0},
						{-0.0006851109210401773, 0.9999997615814209, -0.0006844382733106613, 0.0, -0.9999995827674866, -6.246846169233322e-07, 2.9206275939941406e-06, 0.0, 2.682209014892578e-06, -1.0710209608078003e-07, 0.9999997615814209, 0.0, -3.9740242958068848, 0.27957257628440857, 4.789229869842529, 1.0},
						{0.0006858136039227247, -0.9999998807907104, 0.0006845621392130852, 0.0, -1.9669532775878906e-06, -1.7695128917694092e-08, -0.9999998211860657, 0.0, 0.9999995827674866, 1.3255048543214798e-06, -2.205371856689453e-06, 0.0, -3.9749374389648438, -0.6182364225387573, 4.633419036865234, 1.0},
						{0.034078653901815414, 0.999395489692688, -0.000680921773891896, 0.0, 0.9994191527366638, -0.03476272150874138, 1.400722908329044e-06, 0.0, -2.1831163394381292e-05, 3.9841643229010515e-06, -0.9999997615814209, 0.0, 0.7929540872573853, 0.4566134810447693, 4.859726905822754, 1.0},
						{0.11679130792617798, 0.9930762052536011, -0.0006765488069504499, 0.0, 0.9931565523147583, -0.11747106164693832, 2.861255779862404e-06, 0.0, -7.619952521054074e-05, 1.2342425179667771e-05, -0.9999997615814209, 0.0, 2.1300735473632812, 0.410105437040329, 4.859732151031494, 1.0},
						{-0.0006835261592641473, 0.9999998807907104, -0.0007045486127026379, 0.0, 0.9986579418182373, -2.0141278582741506e-06, -0.05179072543978691, 0.0, -0.0517902709543705, -1.9928585970774293e-05, -0.9986576437950134, 0.0, 3.2219324111938477, 0.28380143642425537, 4.8576459884643555, 1.0},
						{0.5887125730514526, 0.759568452835083, -0.2759479284286499, 0.0, 0.688277542591095, -0.6504270434379578, -0.32178395986557007, 0.0, -0.4239009916782379, 0.00041965930722653866, -0.9057083129882812, 0.0, 3.20977783203125, 0.2838023602962494, 4.864940166473389, 1.0},
						{0.22197656333446503, 0.9693278670310974, -0.1047530397772789, 0.0, 0.8781822323799133, -0.24577082693576813, -0.4105486571788788, 0.0, -0.42370128631591797, 5.00085880048573e-05, -0.9058014750480652, 0.0, 3.5004682540893555, 0.009098619222640991, 4.72904109954834, 1.0},
						{-0.0006814620574004948, 0.9999998807907104, -0.0006820887210778892, 0.0, 0.9906443953514099, -2.680062607396394e-06, -0.13646838068962097, 0.0, -0.13646797835826874, 2.846123607014306e-06, -0.990644097328186, 0.0, 3.737297534942627, 0.2838013470172882, 4.830906867980957, 1.0},
						{-0.0006838732515461743, 0.9999998807907104, -0.000683024525642395, 0.0, 0.9999998807907104, -6.322011358861346e-07, 1.4901161193847656e-06, 0.0, 1.9222497940063477e-06, 1.5179334695858415e-06, -0.9999997019767761, 0.0, 3.984351873397827, 0.2838003933429718, 4.796875, 1.0},
						{0.000681925390381366, -0.9961560964584351, 0.08962357044219971, 0.0, 1.8573391571408138e-06, -0.08892643451690674, -0.9959772229194641, 0.0, 0.9999998211860657, -5.345741101336898e-06, -5.911264815949835e-05, 0.0, 0.5255279541015625, 0.13106659054756165, 3.0226619243621826, 1.0},
						{0.0006813111249357462, -0.9952358603477478, -0.097975954413414, 0.0, 1.7745187506079674e-06, 0.09869422763586044, -0.9951903223991394, 0.0, 0.9999998211860657, -6.924974968569586e-06, 6.867220508866012e-05, 0.0, 0.5255300402641296, 0.014793545007705688, 1.7204073667526245, 1.0},
						{0.0003711860626935959, -0.5408124923706055, 0.8415691256523132, 0.0, 6.257323548197746e-08, -0.8412827253341675, -0.5401521325111389, 0.0, 1.0, -0.00048402047832496464, -0.00031219079392030835, 0.0, 0.5255319476127625, 0.1579475700855255, 0.312777042388916, 1.0},
						{3.401853609830141e-05, -0.05358956381678581, 0.9986026287078857, 0.0, -3.1473784474655986e-05, -0.9986804127693176, -0.05287417024374008, 0.0, 1.0000001192092896, -0.0007144242990761995, -3.548100357875228e-05, 0.0, 0.5255319476127625, -0.18683528900146484, 0.09140710532665253, 1.0},
						{7.78345565777272e-07, -0.0006989401299506426, 1.0000014305114746, 0.0, 1.132620127464179e-05, -1.0001169443130493, 1.1308527973596938e-05, 0.0, 1.0000001192092896, -0.0006734870257787406, -6.243353709578514e-07, 0.0, 0.5255329608917236, -0.5288857221603394, 0.07328549027442932, 1.0},
						{0.0006819228292442858, -0.9961549639701843, 0.08962342888116837, 0.0, 1.857346433098428e-06, -0.08892644941806793, -0.9959772229194641, 0.0, 0.9999998211860657, -5.345745648810407e-06, -5.911268453928642e-05, 0.0, -0.5209210515022278, 0.13106763362884521, 3.0226619243621826, 1.0},
						{0.0006809183396399021, -0.9952338933944702, -0.09798391163349152, 0.0, 1.4318356988951564e-06, 0.09870181977748871, -0.9951896071434021, 0.0, 0.9999998211860657, -7.279985311470227e-06, 6.82977115502581e-05, 0.0, -0.5209190249443054, 0.01479347050189972, 1.720405101776123, 1.0},
						{0.00037119589978829026, -0.5408281683921814, 0.841558575630188, 0.0, -4.6635977923870087e-07, -0.8412712812423706, -0.5401687026023865, 0.0, 1.0, -0.0004844508075620979, -0.0003124813374597579, 0.0, -0.5196640491485596, 0.1579565405845642, 0.31277406215667725, 1.0},
						{3.692510654218495e-05, -0.05369577929377556, 0.9985970854759216, 0.0, 4.4170505134388804e-05, -0.998673677444458, -0.05298073589801788, 0.0, 1.0, -0.0006387170287780464, -3.437948180362582e-05, 0.0, -0.5196639895439148, -0.18681973218917847, 0.0913979560136795, 1.0},
						{7.875351002439857e-07, -0.0007057235343381763, 1.0000015497207642, 0.0, 4.232428182149306e-06, -1.0001158714294434, 4.23709343522205e-06, 0.0, 1.0, -0.0006805781740695238, -6.339250830933452e-07, 0.0, -0.5196639895439148, -0.5288692116737366, 0.07326474785804749, 1.0}
					}
				}
			}

			BoneCountArray
			{
				unsigned_int16		// 66
				{
					1, 1, 1, 1, 1, 1, 1, 1, 1, 1, 1, 1, 1, 1, 1, 1, 1, 1, 1, 1, 1, 1, 1, 1, 1, 1, 1, 1, 1, 1, 1, 1, 1, 1, 1, 1, 1, 1, 1, 1, 1, 1, 1, 1, 1, 1, 1, 1, 1, 1, 1, 1, 1, 1, 1, 1, 1, 1, 1, 1, 1, 1, 1, 1,
					1, 1
				}
			}

			BoneIndexArray
			{
				unsigned_int16		// 66
				{
